start=3357.896208
volume=74.000000
sid=1
